0706164000
0706164001
0706164002
0706164003
0706164004
0706164005
0706164006
0706164007
0706164008
0706164009
0706164010
0706164011
0706164012
0706164013
0706164014
0706164015
0706164016
0706164017
0706164018
0706164019
0706164020
0706164021
0706164022
0706164023
0706164024
0706164025
0706164026
0706164027
0706164028
0706164029
0706164030
0706164031
0706164032
0706164033
0706164034
0706164035
0706164036
0706164037
0706164038
0706164039
0706164040
0706164041
0706164042
0706164043
0706164044
0706164045
0706164046
0706164047
0706164048
0706164049
0706164050
0706164051
0706164052
0706164053
0706164054
0706164055
0706164056
0706164057
0706164058
0706164059
0706164060
0706164061
0706164062
0706164063
0706164064
0706164065
0706164066
0706164067
0706164068
0706164069
0706164070
0706164071
0706164072
0706164073
0706164074
0706164075
0706164076
0706164077
0706164078
0706164079
0706164080
0706164081
0706164082
0706164083
0706164084
0706164085
0706164086
0706164087
0706164088
0706164089
0706164090
0706164091
0706164092
0706164093
0706164094
0706164095
0706164096
0706164097
0706164098
0706164099
0706164100
0706164101
0706164102
0706164103
0706164104
0706164105
0706164106
0706164107
0706164108
0706164109
0706164110
0706164111
0706164112
0706164113
0706164114
0706164115
0706164116
0706164117
0706164118
0706164119
0706164120
0706164121
0706164122
0706164123
0706164124
0706164125
0706164126
0706164127
0706164128
0706164129
0706164130
0706164131
0706164132
0706164133
0706164134
0706164135
0706164136
0706164137
0706164138
0706164139
0706164140
0706164141
0706164142
0706164143
0706164144
0706164145
0706164146
0706164147
0706164148
0706164149
0706164150
0706164151
0706164152
0706164153
0706164154
0706164155
0706164156
0706164157
0706164158
0706164159
0706164160
0706164161
0706164162
0706164163
0706164164
0706164165
0706164166
0706164167
0706164168
0706164169
0706164170
0706164171
0706164172
0706164173
0706164174
0706164175
0706164176
0706164177
0706164178
0706164179
0706164180
0706164181
0706164182
0706164183
0706164184
0706164185
0706164186
0706164187
0706164188
0706164189
0706164190
0706164191
0706164192
0706164193
0706164194
0706164195
0706164196
0706164197
0706164198
0706164199
0706164200
0706164201
0706164202
0706164203
0706164204
0706164205
0706164206
0706164207
0706164208
0706164209
0706164210
0706164211
0706164212
0706164213
0706164214
0706164215
0706164216
0706164217
0706164218
0706164219
0706164220
0706164221
0706164222
0706164223
0706164224
0706164225
0706164226
0706164227
0706164228
0706164229
0706164230
0706164231
0706164232
0706164233
0706164234
0706164235
0706164236
0706164237
0706164238
0706164239
0706164240
0706164241
0706164242
0706164243
0706164244
0706164245
0706164246
0706164247
0706164248
0706164249
0706164250
0706164251
0706164252
0706164253
0706164254
0706164255
0706164256
0706164257
0706164258
0706164259
0706164260
0706164261
0706164262
0706164263
0706164264
0706164265
0706164266
0706164267
0706164268
0706164269
0706164270
0706164271
0706164272
0706164273
0706164274
0706164275
0706164276
0706164277
0706164278
0706164279
0706164280
0706164281
0706164282
0706164283
0706164284
0706164285
0706164286
0706164287
0706164288
0706164289
0706164290
0706164291
0706164292
0706164293
0706164294
0706164295
0706164296
0706164297
0706164298
0706164299
0706164300
0706164301
0706164302
0706164303
0706164304
0706164305
0706164306
0706164307
0706164308
0706164309
0706164310
0706164311
0706164312
0706164313
0706164314
0706164315
0706164316
0706164317
0706164318
0706164319
0706164320
0706164321
0706164322
0706164323
0706164324
0706164325
0706164326
0706164327
0706164328
0706164329
0706164330
0706164331
0706164332
0706164333
0706164334
0706164335
0706164336
0706164337
0706164338
0706164339
0706164340
0706164341
0706164342
0706164343
0706164344
0706164345
0706164346
0706164347
0706164348
0706164349
0706164350
0706164351
0706164352
0706164353
0706164354
0706164355
0706164356
0706164357
0706164358
0706164359
0706164360
0706164361
0706164362
0706164363
0706164364
0706164365
0706164366
0706164367
0706164368
0706164369
0706164370
0706164371
0706164372
0706164373
0706164374
0706164375
0706164376
0706164377
0706164378
0706164379
0706164380
0706164381
0706164382
0706164383
0706164384
0706164385
0706164386
0706164387
0706164388
0706164389
0706164390
0706164391
0706164392
0706164393
0706164394
0706164395
0706164396
0706164397
0706164398
0706164399
0706164400
0706164401
0706164402
0706164403
0706164404
0706164405
0706164406
0706164407
0706164408
0706164409
0706164410
0706164411
0706164412
0706164413
0706164414
0706164415
0706164416
0706164417
0706164418
0706164419
0706164420
0706164421
0706164422
0706164423
0706164424
0706164425
0706164426
0706164427
0706164428
0706164429
0706164430
0706164431
0706164432
0706164433
0706164434
0706164435
0706164436
0706164437
0706164438
0706164439
0706164440
0706164441
0706164442
0706164443
0706164444
0706164445
0706164446
0706164447
0706164448
0706164449
0706164450
0706164451
0706164452
0706164453
0706164454
0706164455
0706164456
0706164457
0706164458
0706164459
0706164460
0706164461
0706164462
0706164463
0706164464
0706164465
0706164466
0706164467
0706164468
0706164469
0706164470
0706164471
0706164472
0706164473
0706164474
0706164475
0706164476
0706164477
0706164478
0706164479
0706164480
0706164481
0706164482
0706164483
0706164484
0706164485
0706164486
0706164487
0706164488
0706164489
0706164490
0706164491
0706164492
0706164493
0706164494
0706164495
0706164496
0706164497
0706164498
0706164499
0706164500
0706164501
0706164502
0706164503
0706164504
0706164505
0706164506
0706164507
0706164508
0706164509
0706164510
0706164511
0706164512
0706164513
0706164514
0706164515
0706164516
0706164517
0706164518
0706164519
0706164520
0706164521
0706164522
0706164523
0706164524
0706164525
0706164526
0706164527
0706164528
0706164529
0706164530
0706164531
0706164532
0706164533
0706164534
0706164535
0706164536
0706164537
0706164538
0706164539
0706164540
0706164541
0706164542
0706164543
0706164544
0706164545
0706164546
0706164547
0706164548
0706164549
0706164550
0706164551
0706164552
0706164553
0706164554
0706164555
0706164556
0706164557
0706164558
0706164559
0706164560
0706164561
0706164562
0706164563
0706164564
0706164565
0706164566
0706164567
0706164568
0706164569
0706164570
0706164571
0706164572
0706164573
0706164574
0706164575
0706164576
0706164577
0706164578
0706164579
0706164580
0706164581
0706164582
0706164583
0706164584
0706164585
0706164586
0706164587
0706164588
0706164589
0706164590
0706164591
0706164592
0706164593
0706164594
0706164595
0706164596
0706164597
0706164598
0706164599
0706164600
0706164601
0706164602
0706164603
0706164604
0706164605
0706164606
0706164607
0706164608
0706164609
0706164610
0706164611
0706164612
0706164613
0706164614
0706164615
0706164616
0706164617
0706164618
0706164619
0706164620
0706164621
0706164622
0706164623
0706164624
0706164625
0706164626
0706164627
0706164628
0706164629
0706164630
0706164631
0706164632
0706164633
0706164634
0706164635
0706164636
0706164637
0706164638
0706164639
0706164640
0706164641
0706164642
0706164643
0706164644
0706164645
0706164646
0706164647
0706164648
0706164649
0706164650
0706164651
0706164652
0706164653
0706164654
0706164655
0706164656
0706164657
0706164658
0706164659
0706164660
0706164661
0706164662
0706164663
0706164664
0706164665
0706164666
0706164667
0706164668
0706164669
0706164670
0706164671
0706164672
0706164673
0706164674
0706164675
0706164676
0706164677
0706164678
0706164679
0706164680
0706164681
0706164682
0706164683
0706164684
0706164685
0706164686
0706164687
0706164688
0706164689
0706164690
0706164691
0706164692
0706164693
0706164694
0706164695
0706164696
0706164697
0706164698
0706164699
0706164700
0706164701
0706164702
0706164703
0706164704
0706164705
0706164706
0706164707
0706164708
0706164709
0706164710
0706164711
0706164712
0706164713
0706164714
0706164715
0706164716
0706164717
0706164718
0706164719
0706164720
0706164721
0706164722
0706164723
0706164724
0706164725
0706164726
0706164727
0706164728
0706164729
0706164730
0706164731
0706164732
0706164733
0706164734
0706164735
0706164736
0706164737
0706164738
0706164739
0706164740
0706164741
0706164742
0706164743
0706164744
0706164745
0706164746
0706164747
0706164748
0706164749
0706164750
0706164751
0706164752
0706164753
0706164754
0706164755
0706164756
0706164757
0706164758
0706164759
0706164760
0706164761
0706164762
0706164763
0706164764
0706164765
0706164766
0706164767
0706164768
0706164769
0706164770
0706164771
0706164772
0706164773
0706164774
0706164775
0706164776
0706164777
0706164778
0706164779
0706164780
0706164781
0706164782
0706164783
0706164784
0706164785
0706164786
0706164787
0706164788
0706164789
0706164790
0706164791
0706164792
0706164793
0706164794
0706164795
0706164796
0706164797
0706164798
0706164799
0706164800
0706164801
0706164802
0706164803
0706164804
0706164805
0706164806
0706164807
0706164808
0706164809
0706164810
0706164811
0706164812
0706164813
0706164814
0706164815
0706164816
0706164817
0706164818
0706164819
0706164820
0706164821
0706164822
0706164823
0706164824
0706164825
0706164826
0706164827
0706164828
0706164829
0706164830
0706164831
0706164832
0706164833
0706164834
0706164835
0706164836
0706164837
0706164838
0706164839
0706164840
0706164841
0706164842
0706164843
0706164844
0706164845
0706164846
0706164847
0706164848
0706164849
0706164850
0706164851
0706164852
0706164853
0706164854
0706164855
0706164856
0706164857
0706164858
0706164859
0706164860
0706164861
0706164862
0706164863
0706164864
0706164865
0706164866
0706164867
0706164868
0706164869
0706164870
0706164871
0706164872
0706164873
0706164874
0706164875
0706164876
0706164877
0706164878
0706164879
0706164880
0706164881
0706164882
0706164883
0706164884
0706164885
0706164886
0706164887
0706164888
0706164889
0706164890
0706164891
0706164892
0706164893
0706164894
0706164895
0706164896
0706164897
0706164898
0706164899
0706164900
0706164901
0706164902
0706164903
0706164904
0706164905
0706164906
0706164907
0706164908
0706164909
0706164910
0706164911
0706164912
0706164913
0706164914
0706164915
0706164916
0706164917
0706164918
0706164919
0706164920
0706164921
0706164922
0706164923
0706164924
0706164925
0706164926
0706164927
0706164928
0706164929
0706164930
0706164931
0706164932
0706164933
0706164934
0706164935
0706164936
0706164937
0706164938
0706164939
0706164940
0706164941
0706164942
0706164943
0706164944
0706164945
0706164946
0706164947
0706164948
0706164949
0706164950
0706164951
0706164952
0706164953
0706164954
0706164955
0706164956
0706164957
0706164958
0706164959
0706164960
0706164961
0706164962
0706164963
0706164964
0706164965
0706164966
0706164967
0706164968
0706164969
0706164970
0706164971
0706164972
0706164973
0706164974
0706164975
0706164976
0706164977
0706164978
0706164979
0706164980
0706164981
0706164982
0706164983
0706164984
0706164985
0706164986
0706164987
0706164988
0706164989
0706164990
0706164991
0706164992
0706164993
0706164994
0706164995
0706164996
0706164997
0706164998
0706164999