0706163000
0706163001
0706163002
0706163003
0706163004
0706163005
0706163006
0706163007
0706163008
0706163009
0706163010
0706163011
0706163012
0706163013
0706163014
0706163015
0706163016
0706163017
0706163018
0706163019
0706163020
0706163021
0706163022
0706163023
0706163024
0706163025
0706163026
0706163027
0706163028
0706163029
0706163030
0706163031
0706163032
0706163033
0706163034
0706163035
0706163036
0706163037
0706163038
0706163039
0706163040
0706163041
0706163042
0706163043
0706163044
0706163045
0706163046
0706163047
0706163048
0706163049
0706163050
0706163051
0706163052
0706163053
0706163054
0706163055
0706163056
0706163057
0706163058
0706163059
0706163060
0706163061
0706163062
0706163063
0706163064
0706163065
0706163066
0706163067
0706163068
0706163069
0706163070
0706163071
0706163072
0706163073
0706163074
0706163075
0706163076
0706163077
0706163078
0706163079
0706163080
0706163081
0706163082
0706163083
0706163084
0706163085
0706163086
0706163087
0706163088
0706163089
0706163090
0706163091
0706163092
0706163093
0706163094
0706163095
0706163096
0706163097
0706163098
0706163099
0706163100
0706163101
0706163102
0706163103
0706163104
0706163105
0706163106
0706163107
0706163108
0706163109
0706163110
0706163111
0706163112
0706163113
0706163114
0706163115
0706163116
0706163117
0706163118
0706163119
0706163120
0706163121
0706163122
0706163123
0706163124
0706163125
0706163126
0706163127
0706163128
0706163129
0706163130
0706163131
0706163132
0706163133
0706163134
0706163135
0706163136
0706163137
0706163138
0706163139
0706163140
0706163141
0706163142
0706163143
0706163144
0706163145
0706163146
0706163147
0706163148
0706163149
0706163150
0706163151
0706163152
0706163153
0706163154
0706163155
0706163156
0706163157
0706163158
0706163159
0706163160
0706163161
0706163162
0706163163
0706163164
0706163165
0706163166
0706163167
0706163168
0706163169
0706163170
0706163171
0706163172
0706163173
0706163174
0706163175
0706163176
0706163177
0706163178
0706163179
0706163180
0706163181
0706163182
0706163183
0706163184
0706163185
0706163186
0706163187
0706163188
0706163189
0706163190
0706163191
0706163192
0706163193
0706163194
0706163195
0706163196
0706163197
0706163198
0706163199
0706163200
0706163201
0706163202
0706163203
0706163204
0706163205
0706163206
0706163207
0706163208
0706163209
0706163210
0706163211
0706163212
0706163213
0706163214
0706163215
0706163216
0706163217
0706163218
0706163219
0706163220
0706163221
0706163222
0706163223
0706163224
0706163225
0706163226
0706163227
0706163228
0706163229
0706163230
0706163231
0706163232
0706163233
0706163234
0706163235
0706163236
0706163237
0706163238
0706163239
0706163240
0706163241
0706163242
0706163243
0706163244
0706163245
0706163246
0706163247
0706163248
0706163249
0706163250
0706163251
0706163252
0706163253
0706163254
0706163255
0706163256
0706163257
0706163258
0706163259
0706163260
0706163261
0706163262
0706163263
0706163264
0706163265
0706163266
0706163267
0706163268
0706163269
0706163270
0706163271
0706163272
0706163273
0706163274
0706163275
0706163276
0706163277
0706163278
0706163279
0706163280
0706163281
0706163282
0706163283
0706163284
0706163285
0706163286
0706163287
0706163288
0706163289
0706163290
0706163291
0706163292
0706163293
0706163294
0706163295
0706163296
0706163297
0706163298
0706163299
0706163300
0706163301
0706163302
0706163303
0706163304
0706163305
0706163306
0706163307
0706163308
0706163309
0706163310
0706163311
0706163312
0706163313
0706163314
0706163315
0706163316
0706164317
0706163318
0706163319
0706163320
0706163321
0706163322
0706163323
0706163324
0706163325
0706163326
0706163327
0706163328
0706163329
0706163330
0706163331
0706163332
0706163333
0706163334
0706163335
0706163336
0706163337
0706163338
0706163339
0706163340
0706163341
0706163342
0706163343
0706163344
0706163345
0706163346
0706163347
0706163348
0706163349
0706163350
0706163351
0706163352
0706163353
0706163354
0706163355
0706163356
0706163357
0706163358
0706163359
0706163360
0706163361
0706163362
0706163363
0706163364
0706163365
0706163366
0706163367
0706163368
0706163369
0706163370
0706163371
0706163372
0706163373
0706163374
0706163375
0706163376
0706163377
0706163378
0706163379
0706163380
0706163381
0706163382
0706163383
0706163384
0706163385
0706163386
0706163387
0706163388
0706163389
0706163390
0706163391
0706163392
0706163393
0706163394
0706163395
0706163396
0706163397
0706163398
0706163399
0706163400
0706163401
0706163402
0706163403
0706163404
0706163405
0706163406
0706163407
0706163408
0706163409
0706163410
0706163411
0706163412
0706163413
0706163414
0706163415
0706163416
0706163417
0706163418
0706163419
0706163420
0706163421
0706163422
0706163423
0706163424
0706163425
0706163426
0706163427
0706163428
0706163429
0706163430
0706163431
0706163432
0706163433
0706163434
0706163435
0706163436
0706163437
0706163438
0706163439
0706163440
0706163441
0706163442
0706163443
0706163444
0706163445
0706163446
0706163447
0706163448
0706163449
0706163450
0706163451
0706163452
0706163453
0706163454
0706163455
0706163456
0706163457
0706163458
0706163459
0706163460
0706163461
0706163462
0706163463
0706163464
0706163465
0706163466
0706163467
0706163468
0706163469
0706163470
0706163471
0706163472
0706163473
0706163474
0706163475
0706163476
0706163477
0706163478
0706163479
0706163480
0706163481
0706163482
0706163483
0706163484
0706163485
0706163486
0706163487
0706163488
0706163489
0706163490
0706163491
0706163492
0706163493
0706163494
0706163495
0706163496
0706163497
0706163498
0706163499
0706163500
0706163501
0706163502
0706163503
0706163504
0706163505
0706163506
0706163507
0706163508
0706163509
0706163510
0706163511
0706163512
0706163513
0706163514
0706163515
0706163516
0706163517
0706163518
0706163519
0706163520
0706163521
0706163522
0706163523
0706163524
0706163525
0706163526
0706163527
0706163528
0706163529
0706163530
0706163531
0706163532
0706163533
0706163534
0706163535
0706163536
0706163537
0706163538
0706163539
0706163540
0706163541
0706163542
0706163543
0706163544
0706163545
0706163546
0706163547
0706163548
0706163549
0706163550
0706163551
0706163552
0706163553
0706163554
0706163555
0706163556
0706163557
0706163558
0706163559
0706163560
0706163561
0706163562
0706163563
0706163564
0706163565
0706163566
0706163567
0706163568
0706163569
0706163570
0706163571
0706163572
0706163573
0706163574
0706163575
0706163576
0706163577
0706163578
0706163579
0706163580
0706163581
0706163582
0706163583
0706163584
0706163585
0706163586
0706163587
0706163588
0706163589
0706163590
0706163591
0706163592
0706163593
0706163594
0706163595
0706163596
0706163597
0706163598
0706163599
0706163600
0706163601
0706163602
0706163603
0706163604
0706163605
0706163606
0706163607
0706163608
0706163609
0706163610
0706163611
0706163612
0706163613
0706163614
0706163615
0706163616
0706163617
0706163618
0706163619
0706163620
0706163621
0706163622
0706163623
0706163624
0706163625
0706163626
0706163627
0706163628
0706163629
0706163630
0706163631
0706163632
0706163633
0706163634
0706163635
0706163636
0706163637
0706163638
0706163639
0706163640
0706163641
0706163642
0706163643
0706163644
0706163645
0706163646
0706163647
0706163648
0706163649
0706163650
0706163651
0706163652
0706163653
0706163654
0706163655
0706163656
0706163657
0706163658
0706163659
0706163660
0706163661
0706163662
0706163663
0706163664
0706163665
0706163666
0706163667
0706163668
0706163669
0706163670
0706163671
0706163672
0706163673
0706163674
0706163675
0706163676
0706163677
0706163678
0706163679
0706163680
0706163681
0706163682
0706163683
0706163684
0706163685
0706163686
0706163687
0706163688
0706163689
0706163690
0706163691
0706163692
0706163693
0706163694
0706163695
0706163696
0706163697
0706163698
0706163699
0706163700
0706163701
0706163702
0706163703
0706163704
0706163705
0706163706
0706163707
0706163708
0706163709
0706163710
0706163711
0706163712
0706163713
0706163714
0706163715
0706163716
0706163717
0706163718
0706163719
0706163720
0706163721
0706163722
0706163723
0706163724
0706163725
0706163726
0706163727
0706163728
0706163729
0706163730
0706163731
0706163732
0706163733
0706163734
0706163735
0706163736
0706163737
0706163738
0706163739
0706163740
0706163741
0706163742
0706163743
0706163744
0706163745
0706163746
0706163747
0706163748
0706163749
0706163750
0706163751
0706163752
0706163753
0706163754
0706163755
0706163756
0706163757
0706163758
0706163759
0706163760
0706163761
0706163762
0706163763
0706163764
0706163765
0706163766
0706163767
0706163768
0706163769
0706163770
0706163771
0706163772
0706163773
0706163774
0706163775
0706163776
0706163777
0706163778
0706163779
0706163780
0706163781
0706163782
0706163783
0706163784
0706163785
0706163786
0706163787
0706163788
0706163789
0706163790
0706163791
0706163792
0706163793
0706163794
0706163795
0706163796
0706163797
0706163798
0706163799
0706163800
0706163801
0706163802
0706163803
0706163804
0706163805
0706163806
0706163807
0706163808
0706163809
0706163810
0706163811
0706163812
0706163813
0706163814
0706163815
0706163816
0706163817
0706163818
0706163819
0706163820
0706163821
0706163822
0706163823
0706163824
0706163825
0706163826
0706163827
0706163828
0706163829
0706163830
0706163831
0706163832
0706163833
0706163834
0706163835
0706163836
0706163837
0706163838
0706163839
0706163840
0706163841
0706163842
0706163843
0706163844
0706163845
0706163846
0706163847
0706163848
0706163849
0706163850
0706163851
0706163852
0706163853
0706163854
0706163855
0706163856
0706163857
0706163858
0706163859
0706163860
0706163861
0706163862
0706163863
0706163864
0706163865
0706163866
0706163867
0706163868
0706163869
0706163870
0706163871
0706163872
0706163873
0706163874
0706163875
0706163876
0706163877
0706163878
0706163879
0706163880
0706163881
0706163882
0706163883
0706163884
0706163885
0706163886
0706163887
0706163888
0706163889
0706163890
0706163891
0706163892
0706163893
0706163894
0706163895
0706163896
0706163897
0706163898
0706163899
0706163900
0706163901
0706163902
0706163903
0706163904
0706163905
0706163906
0706163907
0706163908
0706163909
0706163910
0706163911
0706163912
0706163913
0706163914
0706163915
0706163916
0706163917
0706163918
0706163919
0706163920
0706163921
0706163922
0706163923
0706163924
0706163925
0706163926
0706163927
0706163928
0706163929
0706163930
0706163931
0706163932
0706163933
0706163934
0706163935
0706163936
0706163937
0706163938
0706163939
0706163940
0706163941
0706163942
0706163943
0706163944
0706163945
0706163946
0706163947
0706163948
0706163949
0706163950
0706163951
0706163952
0706163953
0706163954
0706163955
0706163956
0706163957
0706163958
0706163959
0706163960
0706163961
0706163962
0706163963
0706163964
0706163965
0706163966
0706163967
0706163968
0706163969
0706163970
0706163971
0706163972
0706163973
0706163974
0706163975
0706163976
0706163977
0706163978
0706163979
0706163980
0706163981
0706163982
0706163983
0706163984
0706163985
0706163986
0706163987
0706163988
0706163989
0706163990
0706163991
0706163992
0706163993
0706163994
0706163995
0706163996
0706163997
0706163998
0706163999